name: SNVCallingWorkflow
channels:
  - bioconda-legacy
  - defaults
  - r
  - bioconda
  - conda-forge
dependencies:
  - bedtools=2.16.2=0
  - bioconductor-biocgenerics=0.22.0=r3.3.2_0
  - bioconductor-biostrings=2.42.1=r3.3.2_0
  - bioconductor-iranges=2.8.2=r3.3.2_0
  - bioconductor-s4vectors=0.12.2=r3.3.2_0
  - bioconductor-xvector=0.14.1=r3.3.2_0
  - bioconductor-zlibbioc=1.20.0=r3.3.2_1
  - biopython=1.66=np110py27_0
  - ghostscript=9.18=1
  - htslib=1.2.1=0
  - mmtf-python=1.0.2=py27_0
  - perl-getopt-argvfile=1.11=pl5.22.0_0
  - perl-getopt-long=2.50=pl5.22.0_0
  - perl-math-cdf=0.1=3
  - perl-scalar-list-utils=1.45=2
  - perl-test-harness=3.36=pl5.22.0_0
  - perl-test-simple=1.302075=pl5.22.0_0
  - perl-test2=1.302075=pl5.22.0_0
  - perl-text-parsewords=3.29=pl5.22.0_2
  - perl-threaded=5.22.0=10
  - pysam=0.7.7=0
  - r-digest=0.6.12=r3.3.2_0
  - r-ggplot2=2.2.1=r3.3.2_0
  - samtools=0.1.19=2
  - tabix=0.2.5=0
  - curl=7.45.0=2
  - blas=1.1=openblas
  - bzip2=1.0.6=1
  - certifi=2017.11.5=py27_0
  - cycler=0.10.0=py27_0
  - gsl=2.2.1=blas_openblas_3
  - icu=58.2=0
  - jbig=2.1=0
  - jpeg=9b=2
  - krb5=1.14.2=0
  - libffi=3.2.1=3
  - libgcc=7.2.0=h69d50b8_2
  - libgfortran=3.0.0=1
  - libiconv=1.14=4
  - libpng=1.6.28=1
  - libssh2=1.8.0=1
  - libtiff=4.0.7=0
  - msgpack-python=0.5.1=py27_0
  - ncurses=5.9=10
  - numpy=1.10.4=py27_blas_openblas_205
  - openblas=0.2.19=2
  - pcre=8.39=0
  - perl=5.22.0.1=0
  - pip=9.0.1=py27_1
  - pixman=0.34.0=2
  - pycairo=1.16.3=py27_0
  - pyqt=4.11.4=py27_2
  - python-dateutil=2.7.3=py_0
  - pytz=2017.3=py_2
  - r=3.3.2=r3.3.2_0
  - r-assertthat=0.1=r3.3.2_0
  - r-base=3.3.2=5
  - r-boot=1.3_18=r3.3.2_0
  - r-class=7.3_14=r3.3.2_0
  - r-codetools=0.2_15=r3.3.2_0
  - r-dichromat=2.0_0=r3.3.2_0
  - r-foreign=0.8_67=r3.3.2_0
  - r-getopt=1.20.0=r3.3.2_0
  - r-gtable=0.2.0=r3.3.2_0
  - r-kernsmooth=2.23_15=r3.3.2_0
  - r-labeling=0.3=r3.3.2_0
  - r-lattice=0.20_34=r3.3.2_0
  - r-lazyeval=0.2.0=r3.3.2_0
  - r-magrittr=1.5=r3.3.2_0
  - r-mass=7.3_45=r3.3.2_0
  - r-matrix=1.2_14=r3.3.2_0
  - r-mgcv=1.8_17=r3.3.2_0
  - r-munsell=0.4.3=r3.3.2_0
  - r-nlme=3.1_131=r3.3.2_0
  - r-nnet=7.3_12=r3.3.2_0
  - r-plyr=1.8.4=r3.3.2_0
  - r-rcolorbrewer=1.1_2=r3.3.2_0
  - r-recommended=3.3.2=r3.3.2_0
  - r-reshape2=1.4.2=r3.3.2_0
  - r-rpart=4.1_10=r3.3.2_0
  - r-scales=0.4.1=r3.3.2_0
  - r-spatial=7.3_11=r3.3.2_0
  - r-stringi=1.1.2=r3.3.2_0
  - r-stringr=1.1.0=r3.3.2_0
  - r-survival=2.40_1=r3.3.2_0
  - readline=6.2=0
  - scipy=0.17.1=np110py27_blas_openblas_205
  - setuptools=38.4.0=py27_0
  - sip=4.18=py27_1
  - six=1.11.0=py27_1
  - sqlite=3.19.3=1
  - tk=8.5.19=2
  - wheel=0.30.0=py27_2
  - xz=5.2.3=0
  - zlib=1.2.8=3
  - _r-mutex=1.0.0=anacondar_1
  - cairo=1.14.8=0
  - fontconfig=2.12.1=3
  - freetype=2.5.5=2
  - glib=2.50.2=1
  - harfbuzz=0.9.39=1
  - libgcc-ng=7.2.0=h7cc24e2_2
  - libstdcxx-ng=7.2.0=h7a57d05_2
  - libxml2=2.9.4=0
  - matplotlib=1.5.1=np110py27_0
  - openssl=1.0.1k=1
  - pango=1.40.3=1
  - pyparsing=2.0.3=py27_0
  - python=2.7.9=3
  - qt=4.8.7=2
  - r-cluster=2.0.5=r3.3.2_0
  - r-colorspace=1.3_1=r3.3.2_0
  - r-doparallel=1.0.10=r3.3.2_0
  - r-foreach=1.4.3=r3.3.2_0
  - r-iterators=1.0.8=r3.3.2_0
  - r-rcpp=0.12.8=r3.3.2_0
  - r-tibble=1.2=r3.3.2_0
  - reportlab=3.2.0=py27_0
  - system=5.8=2

